0	0	0	-47	0	-47	0	-61	0	-61	0	0	680	900
0	0	0	-52	0	0	-61	0	-61	0	-58	0	680	900
0	0	0	0	0	-69	0	-69	0	0	460	900
0	0	0	0	0	-71	0	-72	0	-47	460	900	
0	0	0	0	0	-73	0	-72	0	0	320	970
0	0	0	0	0	-76	0	-75	0	0	320	970
0	0	0	0	0	0	0	-70	0	0	320	1130
0	0	0	0	0	0	0	-70	0	0	320	1130
0	0	0	0	-80	0	-79	0	0	0	420	1130
0	0	0	0	-80	0	-80	0	0	0	420	1130
0	0	0	0	0	0	-79	0	0	0	320	1310
0	0	0	0	0	0	-79	0	0	0	320	1310
0	0	0	-61	0	0	0	0	0	0	420	1310
0	0	0	-61	0	0	0	0	0	0	420	1310
0	-47	0	-47	0	0	-47	0	0	-81	320	1500
-46	0	0	0	-46	0	0	0	0	0	320	1500	
0	0	-48	0	0	0	-51	0	-51	0	700	1490
0	0	-53	0	0	0	-59	0	-58	0	700	1490
0	0	0	-56	0	0	-70	0	-70	0	900	1490	
0	0	0	0	0	-66	0	-65	0	0	900	1490
0	-43	0	0	-43	0	0	-64	0	-63	1000	1310
0	0	0	-58	0	0	-65	0	-63	0	1000	1310
-48	0	0	0	-48	0	0	-57	0	-57	1000	1130
0	-42	0	0	-41	0	0	-60	0	-59	1000	1130
0	0	0	0	0	-64	0	-64	0	-52	1000	970
0	0	-54	0	0	0	-62	0	-61	0	1000	970