-56	-63	-67	-68	-71	-76	-77	-78	-78	-78	-78	-80	-80	-83	-83	-84	0	0	0	0	0	0	0	0	0	0	0	0	0	0	0	0	0	0	3993	-1278	-2490	28137	-2849	-2143	-242	336	862	0	0	0	-247	345	884	850	135
-56	-65	-71	-68	-71	0	-77	-79	-78	-78	-76	-80	-79	-83	-83	-82	-76	-80	-81	-81	-82	-85	0	0	0	0	0	0	0	0	0	0	0	0	4013	-1220	-2410	28114	-2818	-2154	-241	330	863	-2	0	-1	-247	341	885	720	135
-56	-65	-71	-68	-71	0	-77	-79	-78	-78	-76	-80	-79	-83	-83	-82	-76	-80	-81	-81	-82	-85	0	0	0	0	0	0	0	0	0	0	0	0	3963	-1267	-2496	28157	-2833	-2075	-225	333	865	0	-4	-3	-233	340	889	610	135
-56	-66	-68	0	-66	-76	0	-80	-78	-77	-79	-77	-80	0	-83	0	-78	-80	-79	-82	-80	-81	-82	0	0	0	0	0	0	0	0	0	0	0	3940	-1206	-2528	28159	-2791	-2085	-225	330	874	-1	0	0	-232	338	890	435	135
-56	-62	-70	-67	-72	-78	-77	-79	-79	-78	-79	-77	0	0	-84	0	-81	-80	-79	0	0	-81	0	-76	-78	-80	0	0	0	0	0	0	0	0	3921	-1236	-2543	28104	-2805	-2094	-225	329	870	-2	-1	-1	-231	336	891	270	135
-56	-63	-70	-68	-68	-78	-76	-79	-80	-79	-78	-77	-80	0	-85	0	0	0	-81	-83	0	0	0	0	0	0	0	0	0	0	0	0	0	0	3927	-1309	-2508	27992	-2816	-2069	-223	331	865	-2	-1	0	-229	337	891	190	280
-56	-64	0	0	-67	-80	-77	-79	-79	-78	-78	-79	0	-80	-83	-82	0	-80	-84	-83	0	-80	-83	0	0	0	-80	0	0	0	0	0	0	0	3931	-1351	-2529	28001	-2783	-2050	-216	327	879	-1	-1	0	-224	332	894	190	410
-56	-65	-67	-69	0	0	0	-81	-80	-79	-79	-78	-79	0	-85	0	-78	-81	-80	-82	0	-79	-82	0	-77	0	-81	0	0	0	0	0	0	0	3941	-1314	-2522	27981	-2804	-2071	-257	294	843	-35	4	7	-228	332	893	190	480
-51	-57	-70	-75	0	-79	-80	-79	-80	-78	-83	-79	0	-80	0	0	-80	0	-81	0	-82	-83	0	0	-80	-80	0	-75	-78	-82	-82	-83	-84	0	1490	-3167	-3488	23275	-2054	871	185	185	861	10	25	-36	108	156	961	190	480
-51	-59	-68	-69	0	-79	0	-80	-78	-77	-81	-81	0	-78	0	0	-80	0	0	0	-79	-81	0	0	0	0	0	0	0	-85	0	0	0	-87	2316	-3322	-2830	23987	-2915	-102	-8	291	919	2	-1	0	-3	289	936	190	550
-51	-59	-68	-69	0	-79	0	-80	-78	-77	-81	-81	0	-78	0	0	-80	0	0	0	-79	-81	0	0	0	0	0	0	0	-85	0	0	0	-87	2266	-3379	-2802	23931	-2955	-79	-7	285	916	-5	3	3	-1	296	934	850	135
-52	-60	-68	-80	-72	-77	0	-77	-78	-79	-77	-84	-80	-80	0	-83	-78	0	-83	0	-80	0	-80	0	0	0	0	0	0	0	0	0	0	-86	-80	-81	-81	-84	-85	-89	0	0	0	0	0	0	0	0	0	0	0	0	0	0	0	0	0	0	0	0	-45	-4284	-2340	19237	-2997	284	-80	425	849	-5	-1	-42	-95	351	910	720	135
0	-58	-69	0	-69	-76	-67	-74	-77	-77	-77	-81	0	-76	-84	0	-81	0	0	0	-74	-81	-80	0	-75	0	0	-76	0	0	0	0	-85	0	0	-80	0	0	0	0	-78	-78	-83	0	0	0	0	0	0	0	0	0	0	0	0	0	0	0	0	0	379	-4195	-2420	19456	-2757	-249	-214	323	907	-6	-11	-8	-164	306	917	610	135
-54	-58	-74	-51	-68	-78	-69	-80	-79	-79	-78	-81	0	-80	-84	0	0	-70	0	0	-68	-80	0	0	-76	0	0	0	0	0	0	-82	0	0	0	0	-79	0	0	0	0	-80	-81	-69	-81	-85	0	0	0	0	0	0	0	0	0	0	0	0	0	0	736	-4354	-1959	21095	-3507	135	-87	391	861	3	0	0	-59	393	896	435	135
-60	-52	-69	-51	-69	0	-69	-77	-83	-79	-81	-82	0	-75	0	0	0	-72	-71	0	-66	-77	-79	0	0	0	0	0	0	0	0	0	-85	0	0	0	-78	0	0	0	-78	-79	-80	0	-81	0	-78	-82	-83	-84	-85	0	0	0	0	0	0	0	0	0	560	-4471	-1879	20717	-3624	276	-45	425	869	2	-3	0	-44	427	881	270	135
-63	-54	-64	-54	-61	0	0	-78	-80	-80	-79	-83	0	-75	-85	-84	0	-70	-68	0	0	-76	-79	0	0	0	0	0	0	0	0	0	0	0	0	0	-78	0	0	0	-79	-79	-82	-72	-82	0	0	0	0	0	0	-88	0	0	0	0	0	0	0	0	568	-4395	-1892	20687	-3588	239	-47	420	872	-2	-1	-2	-50	427	880	190	280
-64	-53	-70	-55	0	0	-72	-76	-80	-81	-80	-82	-79	-76	-86	0	0	0	-70	0	0	-77	-78	0	-67	0	0	0	0	-83	0	0	-86	0	0	0	0	0	0	0	0	-78	-81	-72	-84	0	0	0	0	-84	-86	0	-78	-84	0	0	0	0	0	0	595	-4468	-1797	20726	-3685	231	-48	433	851	0	0	0	-51	440	874	190	410
-67	-55	-68	-53	-62	0	-71	-75	-80	-80	-80	-82	0	-76	-84	0	0	0	-69	0	-72	-76	-79	0	0	0	0	0	0	0	0	0	-86	0	0	0	0	0	0	0	0	-78	-81	-71	-82	0	0	0	0	0	0	0	0	0	-78	-78	-82	0	0	0	570	-4453	-1780	20646	-3710	196	-48	441	846	2	0	1	-57	444	872	190	480
-63	-53	-70	-52	-70	-77	-69	-76	-81	-80	-80	-82	-81	-76	-82	0	0	-70	0	0	-72	-76	0	0	-70	0	0	0	0	-85	0	0	-87	0	0	0	-79	0	0	0	0	-78	-82	0	-83	0	0	0	0	0	0	0	0	0	-78	0	0	-85	0	0	636	-4462	-1800	20685	-3705	181	-55	436	854	1	-2	1	-58	444	872	190	550
-63	-53	-70	-52	-70	-77	-69	-76	-81	-80	-80	-82	-81	-76	-82	0	0	-70	0	0	-72	-76	0	0	-70	0	0	0	0	-85	0	0	-87	0	0	0	-79	0	0	0	0	-78	-82	0	-83	0	0	0	0	0	0	0	0	0	-78	0	0	-85	0	0	640	-4477	-1792	20751	-3733	137	-51	441	852	-2	0	0	-57	449	869	850	135
-60	-54	-70	-52	-63	0	0	-76	-81	-78	0	0	0	-76	-84	0	0	0	-68	0	-70	-77	0	0	-70	0	0	-84	0	-84	0	0	0	0	0	-79	-78	0	0	-83	-78	-78	-82	-71	-83	0	0	0	0	0	0	0	0	0	-78	-79	0	0	-86	-86	678	-4495	-1739	20903	-3768	79	-52	443	854	-1	-1	1	-57	452	868	720	135
