0	0	0	0	0	-58	0	-57	0	0	680	110
0	0	0	0	0	-57	0	-56	0	0	680	110
0	0	0	0	0	-44	0	-43	0	-48	460	110
0	0	0	0	0	-45	0	-44	0	-50	460	110
0	0	0	0	0	-58	0	-58	0	0	320	210
0	0	0	0	0	-65	0	-66	0	-57	320	210
0	0	0	0	0	-61	0	-59	0	0	320	355
0	0	0	0	0	-67	0	-68	0	0	320	355
0	0	0	0	0	-81	0	-79	0	-64	420	355
0	0	-77	0	0	-77	0	-82	0	-81	420	355
0	0	0	0	0	-79	0	-79	0	0	320	520
0	0	0	0	0	-73	0	-73	0	-63	320	520
0	0	-65	0	0	0	-78	0	-79	0	420	520
0	0	0	0	-68	0	-76	0	-76	0	420	520
0	0	0	0	0	-70	0	-71	0	0	320	710
0	0	0	0	0	-69	0	-69	0	0	320	710
0	0	0	0	0	-53	0	-53	0	0	700	690
0	0	0	0	0	-53	0	-53	0	0	700	690
0	0	0	0	0	-60	0	-59	0	-53	900	690
0	0	0	0	0	-60	0	-60	0	0	900	690
0	0	0	0	0	-40	0	-39	0	0	1000	520
0	0	0	0	0	-46	0	-45	0	-43	1000	520
0	0	0	0	0	-34	0	-33	0	-27	0	1000	355
0	0	0	0	0	-31	0	-31	0	-26	0	1000	355
-59	0	-58	0	0	0	0	-43	0	-43	0	1000	210
0	0	0	-48	0	0	-49	0	-50	0	0	1000	210